1897635
1128331
1129095
1128611
1650490
1728493
1817944
1128420
1128221
1128204
1727112
1120025
1120040
1120103
1120278
1120305
1120348
1120374
1120382
1120549
1121364
1122131
1128020
1128138
1128259
1128383
1129020
1133575
1133638
1133740
1133773
1133859
1133903
1134040
1134050
1134106
1134201
1134273
1134303
1134321
1134593
1134692
1135052
1170635
1171054
1171100
1171844
1174247
1174292
1175290
1175369
1175661
1175764
1176418
1176442
1176805
1177641
1178534
1179152
1179474
1180060
1180646
1182023
1188907
1190293
1233875
1265839
1603185
1613927
1615268
1618308
1618323
1618533
1618614
1618785
1618992
1619113
1619147
1619196
1619304
1619830
1620106
1620603
1620789
1621099
1621634
1624416
1627146
1627367
1633332
1633335
1639168
1642606
1642791
1644018
1644182
1647019
1647479
1647954
1648281
