1128204
1120549
1133740
1134321
1175290
1179474
1615268
1619304
1633332
1648281
1792343
1182163
1944197
1929002
1928005
1876352
1901711
1901177
1903675
1929250
1788916
1884004
1901995
1925903
1898658
1729581
1817315
1863090
1804441
1739168
1803883
1792544
1903545
1739274
1787677
1797794
1729360
1797881
1870785
1756637
1185119
1754356
1741660
1875624
1900403
1173508
1755479
1742830
1873995
1735649
1817328
1753432
1733097
1722800
1756658
1729666
1744072
1176898
1746390
1727144
1731809
1710001
1724279
1727514
1730950
1726411
1790507
1642329
1621355
1729210
1803974
1721842
1718617
1874713
1716061
1134860
1711732
1739329
1718716
1188862
1907315
1814673
1721590
1721940
1756436
1717796
1742767
1170572
1168699
1119906
1168466
1176094
1720289
1168601
1168730
1721436
1720511
1169140
1168806
1903194
1134170
1727010
1718425
1745618
1128038
1903550
1170265
1171857
1622150
1726686
1814889
1872095
1900308
1172441
1170283
1816221
1172596
1172543
1171485
1170812
1756833
1173060
1792245
1927935
1135011
1175738
1871615
1174037
1804753
1175943
1642955
1174687
1134394
1804922
1174525
1904268
1872341
1175036
1174917
1712689
1718281
1621835
1189915
1174766
1175619
1174437
1639640
1180391
1120315
1176213
1175789
1904150
1175552
1718035
1211220
1172450
1134255
1175925
1134164
1819285
1745276
1177020
1901920
1180107
1176334
1805408
1134028
1175249
1175411
1173070
1168278
1181260
1178396
1177095
1133624
1185365
1187326
1803993
1177606
1740958
1173390
1174599
1181853
1174389
1172563
1178458
1643014
1178742
1173319
1179843
1172413
1120281
1170661
1180140
1180852
1173195
1181475
1179925
1179123
1649524
1173267
1928082
1298528
1651815
1190139
1173611
1619778
1183071
1174575
1790919
1186056
1173933
1181192
1185971
1173132
1179741
1177321
1176862
1176864
1191872
1201726
1187130
1129015
1642355
1180820
1170475
1178536
1692858
1185552
1178634
1168453
1623494
1120247
1128297
1134359
1134966
1135864
1136708
1169407
1175745
1176687
1177479
1178760
1179918
1181773
1183890
1186168
1188440
1189460
1189963
1191253
1193017
1195330
1199564
1203721
1216159
1603166
1609797
1613951
1619589
1621698
1630569
1639415
1643363
1647825
1649410
1659320
1695664
1698726
1128473
1747508
1898308
1181007
1181908
1185630
1182845
1619115
1185001
1186370
1182493
1181648
1644861
1228977
1171930
1188574
1187103
1190949
1185236
1182389
1135752
1184277
1620053
1185188
1184295
1185254
1191525
1185264
1185553
1174729
1174164
1180850
1186352
1187086
1184753
1649327
1183221
1183348
1806443
1816390
1182944
1643022
1199062
1187288
1189618
1137138
1603380
1181520
1184190
1181896
1186058
1177697
1643715
1191019
1613572
1189886
1621855
1191628
1185804
1184812
1188505
1615396
1127957
1179473
1120399
1184394
1135540
1136303
1193517
1181700
1639559
1181661
1190554
1185362
1137314
1133976
1189665
1186694
1186774
1191571
1186411
1191094
1190612
1190708
1189073
1188261
1184977
1188462
1185972
1185508
1187114
1188401
1181033
1620419
1186995
1134118
1200505
1193063
1207699
1698176
1137517
1187649
1649659
1212696
1191588
1188489
1194308
1186759
1213046
1193105
1197217
1194419
1180256
1208736
1194110
1194794
1194194
1194766
1193131
1180693
1195651
1209672
1194184
1621003
1201259
1206137
1194834
1194188
1649156
1196041
1650324
1199639
1194875
1622028
1200318
1135217
1610236
1197460
1194554
1196845
1137270
1201837
1120430
1220680
1193202
1204146
1199670
1621202
1195513
1174579
1621314
1200127
1197574
1138178
1196488
1203512
1620722
1212018
1200959
1137286
1200599
1201801
1202097
1136807
1189097
1206693
1198348
1197230
1209722
1239235
1209487
1205721
1207740
1205965
1200640
1209926
1181106
1200068
1222757
1200558
1137078
1136594
1792293
1213534
1211976
1201405
1206737
1202617
1136622
1181429
1128905
1128824
1232028
1209773
1205903
1201020
1200404
1875985
1137108
1621810
1137460
1207474
1725644
1615488
1202040
1207979
1207691
1208267
1194453
1645427
1217558
1210496
1200887
1120231
1183413
1208775
1624222
1249654
1173552
1213391
1220354
1210646
1206669
1651523
1620487
1643919
1210114
1206782
1200704
1208698
1211438
1208400
1200433
1211998
1217477
1622190
1212659
1215466
1187300
1212269
1193588
1210612
1198427
1622353
1209105
1210877
1216300
1208631
1192204
1120670
1214812
1199919
1216761
1210301
1209223
1792361
1216942
1215354
1217688
1218716
1610094
1207600
1202487
1239968
1241525
1214560
1224475
1219850
1217634
1204592
1216649
1627444
1224313
1213131
1210340
1190371
1230928
1215393
1185862
1216940
1191383
1214751
1214145
1219508
1207899
1213946
1220083
1217825
1219235
1244274
1212833
1219488
1210725
1790265
1120307
1120800
1128170
1134383
1135409
1136476
1137448
1138811
1139419
1140613
1176278
1177800
1178672
1180597
1185558
1188438
1190421
1191760
1192887
1195465
1197867
1199547
1207582
1209619
1213170
1215848
1217419
1219545
1221613
1223632
1226015
1228973
1231637
1234280
1235850
1241171
1245084
1247850
1265126
1291595
1604223
1614143
1619492
1622898
1625454
1627804
1634114
1638041
1642948
1645740
1648677
1651948
1655604
1662968
1683081
1696588
1129773
1212912
1218848
1218807
1214284
1251029
1221498
1219647
1199151
1179664
1138114
1234800
1214427
1218128
1203062
1202861
1231862
1136956
1636164
1220704
1215646
1220453
1120420
1221930
1633325
1187433
1219656
1622348
1218533
1220053
1217835
1218292
1222124
1215869
1216082
1219832
1221197
1219414
1216861
1634818
1137930
1653159
1219246
1211553
1235201
1616021
1223962
1214986
1220668
1226708
1698615
1222914
1652450
1221526
1624450
1222683
1218878
1218950
1212544
1217969
1649186
1250719
1211177
1265357
1218255
1219816
1218624
1218457
1221027
1226960
1136880
1250310
1224265
1234802
1237090
1237770
1658544
1231129
1250205
1176901
1202741
1274001
1217830
1254679
1222150
1227571
1256588
1222318
1221574
1140645
1628101
1234533
1240685
1244376
1221141
1189730
1219091
1221332
1242871
1234443
1265300
1234364
1172892
1220232
1128476
1235484
1274500
1137240
1223967
1624878
1234585
1138347
1194723
1222579
1236826
1229663
1233116
1178265
1222656
1220621
1222729
1220967
1639953
1615984
1239258
1243021
1243190
1231758
1221686
1139320
1237515
1238340
1221845
1220149
1625344
1265679
1244187
1239805
1243168
1233739
1210198
1192447
1245128
1247026
1221854
1231017
1117738
1224126
1225943
1225615
1275022
1244845
1220822
1648916
1244795
1244769
1223224
1229792
1240807
1218126
1720045
1233703
1634028
1139723
1272302
1246954
1242679
1224017
1223596
1138775
1236931
1247241
1653890
1654324
1209361
1276444
1245792
1653947
1626967
1242791
1241702
1241584
1247430
1175420
1242991
1610733
1239957
1623015
1274431
1247096
1276138
1250186
1241266
1242265
1274894
1248422
1274079
1139339
1245518
1644914
1201485
1245010
1274846
1246486
1232964
1129045
1248362
1140000
1244732
1626738
1243100
1247395
1628255
1244882
1660531
1241860
1249340
1248643
1239120
1243198
1233172
1248335
1243099
1275858
1253067
1269572
1252601
1610595
1223688
1625833
1253595
1250572
1229819
1291439
1243268
1277529
1624699
1278633
1250212
1238929
1173902
1231154
1221729
1650071
1249033
1280887
1246070
1245217
1239877
1280103
1137972
1279690
1172837
1276733
1245855
1140204
1120738
1188715
1245908
1192370
1278788
1273558
1244593
1622714
1613452
1181011
1279927
1215768
1252103
1253074
1266349
1255412
1188490
1283677
1252571
1250830
1187530
1246866
1265242
1619257
1247696
1232060
1628165
1252066
1252975
1251620
1235750
1281138
1253309
1223777
1734328
1253864
1266124
1120646
1241898
1645250
1255275
1626235
1255183
1232537
1252705
1284312
1245315
1925958
1239695
1698183
1120269
1120934
1128507
1129167
1134884
1135918
1138742
1139796
1140881
1169583
1176747
1178334
1180127
1181800
1185924
1189535
1191448
1192766
1194785
1198023
1200867
1207666
1210374
1213876
1217773
1220561
1223686
1228262
1231086
1233928
1235902
1239349
1242753
1246724
1248327
1250453
1254526
1257132
1260388
1265614
1274938
1284265
1294544
1346843
1613764
1617836
1622459
1624903
1626334
1627224
1629405
1634164
1639549
1643071
1647130
1648695
1650148
1653347
1655352
1659886
1682989
1692894
1699915
1137797
1625284
1241157
1247310
1253538
1255955
1249843
1240749
1283203
1168514
1247610
1255098
1120933
1626378
1253752
1265627
1281489
1246240
1275617
1171361
1250958
1666577
1172810
1140499
1249244
1231768
1623400
1206858
1292812
1242354
1251671
1256528
1236513
1635140
1256822
1262788
1314001
1269447
1266096
1256455
1640131
1121063
1249965
1259442
1257558
1250711
1255613
1238037
1117927
1179402
1168349
1140273
1248607
1640097
1256369
1306560
1263665
1256213
1292980
1258916
1258413
1210764
1259796
1258787
1246022
1255123
1285999
1293209
1139377
1616379
1263355
1289851
1287280
1261591
1139000
1254236
1253004
1615801
1188348
1120901
1128656
1273093
1129960
1249233
1265870
1636595
1241399
1260792
1261762
1628546
1661450
1247075
1615878
1260733
1243710
1254403
1260606
1305969
1121436
1256343
1293283
1632658
1261214
1261048
1650689
1644877
1187047
1270290
1121025
1250730
1268071
1190806
1260698
1262869
1117570
1294920
1295049
1261931
1281596
1656343
1263689
1312102
1263194
1263529
1293378
1263640
1121238
1141747
1235363
1258677
1137569
1296063
1243122
1120979
1282394
1263844
1656960
1267563
1282415
1253993
1212699
1627263
1297565
1651209
1265607
1241641
1120886
1297810
1265352
1177158
1300723
1265185
1265928
1640157
1301915
1258850
1254538
1266818
1267785
1261355
1252999
1610905
1177905
1264384
1275966
1791909
1298701
1262292
1263012
1141009
1267115
1266505
1234566
1270634
1245360
1253618
1297957
1288646
1263093
1140610
1286339
1268612
1298203
1300113
1651654
1275161
1269038
1299871
1263058
1167805
1271983
1263372
1299678
1655407
1257273
1300982
1627739
1304354
1229124
1604816
1263785
1265922
1122477
1726663
1260833
1217542
1255752
1263835
1632259
1273672
1301981
1270902
1272160
1301555
1299091
1264862
1263921
1128424
1298870
1267049
1301598
1264466
1658090
1263224
1302704
1302570
1270741
1640289
1266038
1264822
1271318
1273420
1273386
1269760
1273100
1118002
1625957
1267127
1265479
1270518
1648832
1264403
1313585
1198054
1266884
1303550
1658030
1642643
1120859
1274259
1304986
1265290
1128590
1139524
1267846
1273590
1305392
1268099
1273673
1305656
1305544
1268675
1306970
1283924
1275811
1122113
1733479
1658149
1277975
1178478
1276283
1269446
1275774
1275984
1632397
1277842
1267963
1274535
1310011
1307620
1278797
1278300
1272111
1277113
1275766
1267883
1278821
1311475
1309970
1186505
1275147
1631134
1276763
1275892
1308002
1278752
1302224
1282357
1273089
1616001
1309897
1253030
1328266
1278559
1296782
1310542
1280658
1318710
1278909
1281300
1168560
1270636
1278949
1286873
1614161
1653144
1281943
1121183
1128767
1135138
1136090
1137416
1138942
1140525
1141330
1141907
1142767
1143406
1177096
1180560
1187002
1190270
1193907
1196906
1200525
1208153
1209885
1211423
1214617
1222774
1227841
1230836
1232935
1235397
1241267
1245800
1253252
1258942
1266843
1275322
1277468
1280228
1286828
1290198
1293568
1300185
1310048
1319497
1324819
1603408
1609731
1611137
1616622
1622422
1626052
1629036
1632626
1634715
1639243
1641989
1646359
1652057
1654272
1657822
1660386
1675977
1682901
1683384
1696601
1698193
1698815
1184562
1322359
1269901
1279959
1280903
1230821
1283852
1274462
1266601
1280205
1287577
1310644
1323681
1630350
1650550
1311632
1286448
1145031
1316785
1275093
1281900
1630085
1345504
1657434
1275300
1653743
1236591
1699944
1139958
1283548
1282886
1655967
1276266
1278271
1135242
1734087
1614655
1312807
1276916
1655198
1313514
1313848
1304013
1276517
1276797
1282385
1120457
1142741
1261412
1275853
1278519
1629896
1264672
1290303
1318501
1243822
1306668
1316683
1284946
1264625
1792134
1316535
1284245
1118105
1275220
1282739
1174869
1324281
1317262
1287726
1282788
1117938
1287252
1281992
1630367
1318471
1292583
1286948
1621423
1661328
1142683
1258888
1300433
1249174
1304080
1129944
1293603
1283374
1323811
1173767
1129086
1283213
1318277
1319345
1610954
1289554
1286104
1661236
1295575
1291383
1296532
1338077
1138994
1118036
1287283
1654522
1239477
1656465
1632760
1140872
1325657
1228776
1288864
1659763
1329268
1292282
1294160
1121523
1295220
1325245
1295026
1313913
1791827
1295011
1290548
1265880
1277622
1315264
1295699
1331520
1142410
1288910
1720714
1326990
1297605
1622639
1129486
1325736
1261849
1311568
1354953
1296867
1297440
1295662
1290667
1144574
1629066
1660481
1297479
1295009
1293905
1338473
1301332
1297573
1298134
1142797
1327492
1117949
1259738
1301062
1663926
1202175
1665121
1313818
1327734
1639884
1301007
1298303
1301675
1321845
1327391
1142618
1682911
1659112
1280382
1256162
1299487
1294787
1300984
1310346
1293418
1631158
1142516
1627120
1252484
1300235
1266014
1628218
1301114
1330039
1303126
1129836
1655399
1294020
1329111
1605131
1291555
1291520
1172473
1292082
1143132
1302629
1296529
1121508
1284916
1302522
1297205
1655497
1316140
1141697
1296900
1331110
1262435
1359744
1129704
1635250
1216678
1287064
1307139
1300683
1330522
1303703
1301092
1234550
1295557
1117557
1227049
1144950
1326126
1304449
1129204
1253881
1303959
1632206
1207170
1699872
1309307
1243799
1303806
1304540
1305529
1305573
1307184
1632375
1260559
1335481
1335360
1305123
1306447
1326632
1300617
1336130
1306663
1305659
1307211
1306069
1144302
1215679
1339493
1140918
1301656
1336344
1302194
1300593
1306917
1121745
1302496
1306269
1304627
1632542
1287314
1224507
1300761
1337466
1336462
1307850
1310385
1337365
1307266
1295467
1340266
1309619
1611566
1308095
1336198
1121960
1304934
1342044
1661024
1308979
1309242
1311971
1635917
1605395
1337555
1309474
1652056
1788600
1306372
1661810
1321927
1301370
1307125
1178168
1305478
1312173
1311539
1339904
1339630
1130296
1142544
1143070
1144178
1168040
1289447
1300464
1305636
1311602
1330858
1371913
1644900
1699812
1120551
1122243
1128695
1129510
1134910
1138155
1139241
1140421
1141537
1143115
1144520
1176999
1179431
1185224
1190519
1194025
1196503
1208462
1210101
1217499
1225919
1230371
1232906
1235998
1241743
1253524
1261664
1270197
1274542
1280574
1286002
1288496
1291910
1293774
1302091
1308516
1316787
1321951
1336999
1605910
1613663
1617877
1626234
1629245
1630784
1633075
1634922
1635839
1636834
1639671
1642909
1645487
1647552
1652249
1656137
1658573
1660477
1662727
1665765
1683237
1683578
1683894
1696885
1698864
1321737
1340473
1307775
1336550
1661859
1306058
1169256
1145708
1340893
1306432
1310962
1306987
1311252
1755942
1311710
1135247
1306141
1310472
1311079
1342858
1310697
1611605
1319375
1121732
1301313
1343946
1232262
1344021
1340506
1334677
1343387
1310293
1309546
1314930
1307196
1635143
1304240
1656816
1655023
1305642
1313624
1296036
1303063
1343362
1342720
1309725
1303852
1605472
1286301
1321377
1626255
1656794
1129756
1309891
1343822
1311555
1663410
1323161
1313751
1344371
1312284
1351406
1316840
1343910
1373223
1312396
1143701
1286412
1645500
1345403
1316709
1317773
1319344
1337968
1312030
1635183
1320509
1309600
1315031
1140937
1118098
1338479
1146644
1312511
1343103
1635821
1209984
1616719
1298098
1634106
1324523
1318662
1344071
1319500
1319460
1614046
1344313
1903934
1325450
1323677
1346566
1305166
1146045
1319017
1320026
1696345
1277056
1142385
1326283
1635167
1349761
1341264
1350343
1316098
1734154
1235178
1322786
1376948
1319198
1314198
1344787
1354755
1325726
1342229
1328730
1351235
1662556
1323790
1315664
1322332
1323185
1353316
1122413
1320230
1295217
1311847
1634483
1275985
1353509
1312658
1329408
1118134
1279455
1323449
1321488
1326642
1325865
1354927
1324926
1333961
1353186
1327129
1320855
1664311
1353167
1329026
1320346
1343400
1323770
1321271
1320708
1354046
1321454
1637576
1325373
1325666
1254202
1144774
1308183
1659142
1645609
1193865
1343383
1327602
1330533
1289534
1358060
1338841
1327189
1699904
1365240
1145145
1146067
1354248
1632785
1329039
1664244
1356005
1331072
1344213
1327706
1325358
1634229
1361811
1317838
1328022
1171979
1328418
1354815
1634877
1177876
1329559
1699879
1129876
1337075
1663090
1324874
1330441
1145437
1323555
1280226
1338763
1334959
1330397
1663893
1330564
1342656
1357978
1327990
1305688
1636151
1336082
1122553
1343968
1292273
1324936
1333484
1644829
1257256
1358327
1141489
1327068
1313527
1336766
1330530
1635886
1335955
1146962
1639047
1652404
1363162
1328173
1322591
1349451
1366282
1360176
1359410
1331991
1326385
1306577
1334432
1611262
1335017
1311147
1318559
1329113
1636715
1272833
1605750
1147119
1129611
1629486
1393248
1633626
1329308
1336208
1122177
1335379
1343885
1363863
1336174
1661573
1348967
1268377
1611578
1323537
1334024
1333201
1365346
1336293
1310015
1335971
1292146
1363578
1365628
1330111
1365258
1636376
1122362
1261430
1671551
1334466
1338194
1122228
1636461
1334036
1367571
1338738
1265649
1627017
1635889
1340665
1243775
1366894
1145911
1339960
1366067
1340271
1339561
1365906
1122370
1335276
1366084
1665845
1180426
1367219
1345595
1342043
1663577
1335327
1188495
1791803
1257076
1367019
1634567
1341090
1129927
1369927
1342632
1334149
1340852
1337540
1249294
1340369
1663019
1145032
1168786
1315853
1336016
1347336
1629720
1661640
1118168
1120059
1122264
1122594
1123238
1129493
1130139
1135199
1138852
1141519
1143141
1145369
1146440
1148029
1178411
1188605
1192266
1192810
1195825
1209277
1214582
1226322
1230703
1237287
1244410
1256481
1266581
1272207
1277229
1283805
1289028
1293401
1297988
1307520
1310178
1316562
1324586
1342337
1349120
1372309
1610523
1611850
1615166
1618376
1621820
1626995
1630667
1634366
1635693
1636694
1637664
1639064
1640595
1642483
1645963
1651781
1657247
1659905
1661240
1664915
1667319
1675961
1681945
1683940
1695734
1696950
1698830
1699853
1668443
1342783
1314973
1339735
1337204
1346715
1261365
1369093
1337743
1254978
1643134
1343268
1316971
1369875
1340298
1339815
1660177
1346364
1338723
1355335
1122651
1291374
1340593
1368658
1639455
1192504
1346462
1638484
1317228
1346449
1344141
1122404
1145503
1755978
1365360
1340239
1699833
1345619
1661131
1342535
1337114
1318580
1343222
1321738
1373476
1324410
1343558
1314971
1667647
1387573
1337684
1333498
1660378
1345413
1634559
1699836
1340175
1641353
1365845
1299743
1340995
1148379
1372807
1365650
1681797
1346497
1383738
1666606
1345991
1637583
1350868
1338587
1638689
1373667
1635315
1348598
1349111
1352244
1665090
1352720
1145552
1185433
1374068
1639931
1210033
1311667
1280613
1129905
1637610
1343319
1289200
1640391
1329351
1343047
1340289
1376102
1346689
1144906
1344861
1144519
1313490
1148073
1147907
1314152
1145974
1666446
1147983
1349763
1379290
1240193
1376154
1337225
1382435
1118032
1641159
1372495
1349440
1371330
1383786
1350736
1370913
1356059
1357470
1148018
1387720
1377895
1376977
1319088
1381652
1349913
1344209
1377926
1120341
1305145
1385696
1351686
1346327
1352373
1377323
1377088
1373196
1342091
1356343
1357488
1346427
1359448
1353452
1379058
1354034
1385522
1357509
1350803
1728074
1357761
1343073
1139050
1397052
1354983
1383459
1638575
1206442
1355645
1671458
1374975
1342306
1358626
1146011
1375805
1389522
1372063
1304999
1280529
1330070
1361172
1353209
1639099
1357722
1358028
1357604
1355890
1371517
1671079
1647761
1359850
1386511
1670635
1664565
1357973
1398390
1670331
1284496
1390852
1376852
1374086
1355308
1356106
1353734
1388065
1382761
1257172
1145619
1357699
1122901
1285172
1147684
1350015
1663183
1375671
1365594
1375081
1353036
1349238
1337348
1401249
1630258
1355968
1400236
1662325
1210893
1359394
1405110
1354352
1338827
1262961
1387629
1373723
1351071
1645458
1363088
1179441
1664409
1642250
1358793
1359326
1362447
1381917
1384091
1379704
1263041
1644015
1321080
1361436
1396661
1358865
1381851
1663211
1283703
1382824
1354272
1381806
1377813
1639340
1389411
1390087
1364033
1364744
1382498
1639454
1402727
1386288
1382455
1361277
1350049
1362500
1284140
1432371
1671827
1383534
1614905
1362361
1362703
1149756
1359300
1401859
1666235
1299775
1365189
1147152
1390874
1390150
1359214
1395281
1389542
1358677
1663645
1662704
1670004
1394370
1130604
1388614
1320624
1394395
1671108
1362734
1350848
1368734
1670808
1354478
1349390
1394779
1128949
1403032
1380115
1122699
1292901
1638659
1387691
1395067
1397027
1353750
1421056
1392771
1392191
1362102
1367527
1389377
1393343
1365316
1665631
1348677
1672489
1383044
1367305
1118817
1145574
1148205
1167988
1307555
1341992
1356633
1367512
1376943
1388146
1614626
1637008
1642833
1662984
1117799
1118883
1122237
1123052
1123346
1129551
1130121
1130276
1135119
1139571
1143139
1146074
1147388
1147639
1148930
1150365
1178589
1186992
1192591
1195377
1200544
1211037
1222940
1227412
1230956
1235283
1243384
1253051
1261284
1268923
1275233
1277019
1279943
1283639
1288572
1292285
1303101
1308576
1313654
1320593
1338780
1365561
1377739
1395653
1606121
1611111
1612522
1616329
1618829
1627686
1630563
1633154
1635024
1636509
1639076
1640512
1641250
1642120
1643757
1645278
1647324
1654133
1660804
1663855
1667071
1672386
1679749
1683489
1683949
1684239
1696831
1698216
1338888
1316028
1393214
1383860
1394851
1367960
1389179
1367222
1398106
1640212
1372549
1379038
1362969
1369005
1404143
1372104
1368661
1303645
1314917
1371390
1384432
1400536
1611967
1207039
1391694
1637216
1388643
1389667
1150333
1353836
1370411
1371441
1635283
1394543
1392779
1372177
1380373
1370463
1403596
1362538
1389872
1325877
1340149
1367054
1352601
1675705
1398199
1360282
1397433
1640748
1346446
1670716
1400745
1381079
1370739
1149979
1614251
1402974
1332642
1369052
1403240
1381376
1328439
1402286
1359927
1394391
1373045
1118870
1661750
1397869
1638002
1146535
1119221
1370833
1399696
1647154
1361127
1374895
1364948
1122306
1394693
1376088
1395299
1400466
1405236
1371183
1355871
1636493
1376004
1440748
1416334
1146840
1401626
1622533
1269371
1151097
1380463
1375136
1402695
1168970
1371930
1378739
1401706
1654018
1371595
1129966
1633553
1662752
1396988
1378521
1698947
1318301
1418266
1401823
1283075
1249748
1398816
1399374
1376755
1149949
1293026
1408326
1376664
1381259
1377245
1407689
1179153
1395929
1649321
1210015
1313245
1371415
1318035
1321465
1662328
1400363
1402769
1397692
1373663
1379605
1370618
1149374
1379579
1284877
1398956
1377055
1399455
1383122
1322636
1351606
1130129
1407793
1407175
1143763
1379732
1413580
1664066
1149485
1370639
1670209
1408523
1408378
1605290
1383088
1410041
1386715
1380911
1318457
1372149
1347773
1361862
1378994
1400510
1405896
1401501
1379776
1407150
1387452
1669067
1643490
1280202
1377001
1407579
1635306
1657551
1677563
1316223
1402800
1150136
1349767
1417479
1373118
1311735
1379066
1386194
1399012
1406900
1402849
1393604
1386272
1343916
1401006
1670955
1380397
1241170
1382539
1384890
1412881
1383826
1901773
1384032
1405646
1668130
1657575
1676716
1413424
1405054
1384146
1387758
1374860
1386083
1354196
1467935
1333051
1666490
1382717
1387384
1383850
1343710
1414777
1395099
1380874
1384602
1150534
1269191
1387231
1408424
1647261
1204385
1384063
1235517
1393314
1408304
1402779
1294336
1349433
1274643
1399939
1336946
1383750
1218084
1318219
1414237
1399704
1377346
1391689
1389270
1388195
1417751
1363268
1665684
1419372
1379808
1390873
1410809
1439608
1670790
1335229
1320039
1414969
1680874
1683846
1430927
1385916
1402596
1410095
1396382
1411530
1337412
1415145
1256852
1419399
1388581
1414621
1412917
1397463
1392228
1420552
1366191
1391611
1432054
1673564
1251366
1277234
1633357
1315159
1646862
1389724
1641618
1392351
1393906
1396231
1344420
1406955
1411510
1670398
1394756
1151526
1394977
1638590
1394164
1406796
1397866
1118961
1147967
1168253
1315249
1366898
1381070
1395258
1406703
1428997
1639525
1643960
1651156
1671292
1282669
1118951
1122935
1123270
1123467
1129034
1130022
1130737
1136138
1140074
1145250
1150377
1152615
1178151
1186192
1192459
1195822
1208062
1214346
1220229
1228474
1232483
1237269
1248360
1256850
1261914
1270017
1276399
1282931
1288084
1292271
1297240
1308161
1314557
1320524
1334948
1345208
1352149
1367055
1369937
1387198
1393681
1400257
1404829
1414152
1427845
1603578
1606452
1609840
1612233
1615404
1617292
1624456
1629450
1631084
1633743
1635331
1636819
1638823
1640501
1641400
1643634
1644384
1645527
1647622
1651331
1654307
1660026
1663304
1666856
1668015
1670703
1673607
1675906
1682026
1683951
1684382
1697147
1698980
1403272
1303305
1426656
1394553
1415729
1433571
1389277
1257525
1401862
1424214
1396046
1258685
1379471
1369773
1393987
1144699
1697153
1319984
1394295
1399242
1416462
1421880
1630950
1129383
1405975
1672346
1328221
1372696
1384769
1400701
1416366
1395277
1152574
1374784
1368594
1378210
1324699
1401377
1152975
1321693
1425931
1616604
1398667
1397767
1397162
1396935
1399274
1317099
1397953
1420168
1434460
1668930
1366569
1398122
1415491
1415748
1285318
1258776
1393606
1332503
1385384
1262226
1402599
1393177
1410253
1267880
1391507
1429662
1642977
1421354
1440035
1663865
1124819
1390872
1400524
1419966
1427237
1451619
1667274
1230277
1396171
1345957
1421776
1668723
1661383
1294976
1303584
1407513
1322783
1424130
1399094
1425037
1402992
1427689
1422498
1345482
1423367
1344637
1130975
1380028
1399914
1403961
1412853
1419569
1428216
1636596
1673936
1354446
1284660
1305135
1423408
1395727
1400972
1637249
1152678
1391711
1400480
1645394
1400777
1152234
1411914
1670925
1431071
1420932
1430507
1404145
1386459
1413345
1424841
1439659
1152084
1246020
1154629
1424754
1402100
1405668
1153097
1452090
1444969
1421207
1671029
1396159
1401891
1130298
1423507
1420147
1339462
1436534
1395434
1407656
1421860
1435162
1634580
1728114
1381240
1606877
1425918
1669813
1299704
1261592
1397139
1401860
1326479
1401098
1433657
1682105
1428089
1434654
1349822
1435821
1153412
1425731
1121448
1371681
1406858
1416691
1427925
1437047
1643924
1131069
1416898
1313101
1409419
1372435
1678392
1638123
1662596
1372399
1245782
1421853
1413042
1438782
1392698
1373116
1416396
1365337
1382661
1247209
1406654
1417181
1434586
1612340
1683179
1395826
1370705
1376207
1413869
1407025
1414465
1326519
1432336
1646492
1153923
1145928
1434201
1332442
1402247
1396825
1369486
1152351
1293333
1401592
1410465
1423971
1439329
1455752
1670719
1259101
1403384
1443944
1658456
1325169
1350430
1401312
1345682
1437058
1413743
1404762
1352247
1411300
1361801
1675754
1438819
1444486
1418830
1668203
1383053
1656105
1372859
1406449
1414309
1432255
1440773
1646654
1205918
1415327
1372704
1412406
1676438
1427983
1404327
1123610
1445222
1409146
1426124
1421029
1445444
1358866
1406477
1426901
1363432
1408172
1416194
1424658
1442991
1674072
1371412
1658407
1643670
1279511
1415731
1383573
1655227
1409782
1404616
1441833
1371467
1410175
1331903
1450172
1416156
1641884
1129554
1202633
1350476
1395700
1406633
1411872
1415033
1418156
1426220
1440168
1445780
1473025
1641692
1646969
1669193
1118644
1119148
1123145
1123674
1130191
1130630
1131095
1131913
1137868
1141570
1147760
1148730
1152286
1154200
1175647
1179359
1192174
1196190
1208253
1215620
1223001
1232134
1239592
1251039
1265898
1276795
1278918
1284322
1290806
1294727
1307784
1313693
1322295
1341734
1352122
1369384
1377345
1391516
1399659
1413950
1421964
1431891
1444868
1473380
1606999
1607997
1612198
1614950
1617144
1625044
1631297
1634803
1636069
1637370
1639859
1640800
1642841
1645290
1646926
1647451
1648004
1649108
1650026
1652013
1656202
1664587
1671575
1673038
1675171
1677054
1679151
1681740
1683240
1684127
1684616
1696665
1698402
1699029
1728162
1440969
1453329
1416665
1284369
1680050
1389650
1415122
1130580
1393505
1413211
1438541
1122780
1396264
1119132
1407810
1422283
1437146
1447747
1631360
1370894
1677031
1409366
1437703
1452716
1436855
1155422
1417981
1346050
1129581
1401719
1416851
1420536
1408986
1418292
1453358
1154715
1402407
1422237
1435274
1464382
1672319
1316620
1442053
1424248
1442768
1425658
1387031
1414460
1446169
1433647
1152606
1347997
1124902
1393515
1321361
1375086
1348042
1368356
1290515
1154026
1406428
1424698
1436739
1454811
1612208
1675141
1345502
1673376
1444837
1155494
1444960
1452083
1699014
1417209
1406586
1419307
1456146
1422343
1424849
1455020
1445234
1303358
1419583
1728011
1418059
1119110
1393413
1413606
1425656
1436216
1454775
1646431
1230253
1642145
1144894
1450507
1426866
1436106
1371942
1349205
1371627
1647916
1424984
1408551
1404299
1420805
1458915
1145459
1417053
1432614
1448664
1467649
1647562
1203997
1448617
1121751
1472997
1347594
1616808
1422189
1409066
1330007
1425448
1447478
1439832
1461133
1423244
1415323
1437861
1281939
1403686
1418733
1433693
1456272
1495965
1190107
1433360
1649000
1433575
1448421
1416824
1420772
1450792
1648504
1287034
1145390
1298157
1430196
1151319
1414063
1442615
1650575
1327799
1168236
1424476
1439763
1450331
1465721
1644576
1330520
1445607
1434640
1444926
1364136
1473789
1680025
1455675
1432877
1448267
1386297
1646880
1376189
1422048
1430063
1445665
1453346
1466711
1673348
1431195
1154810
1431105
1286216
1366211
1455710
1390781
1643046
1672975
1465481
1224459
1433417
1427953
1456108
1444305
1120164
1408089
1428313
1447351
1459157
1468088
1641923
1205787
1450683
1456617
1434143
1467135
1403326
1432506
1436284
1485329
1442875
1445292
1328055
1377764
1436779
1436188
1398078
1376142
1423257
1437589
1458641
1467833
1500314
1313006
1436962
1397596
1458857
1296650
1354098
1415976
1472409
1335515
1436565
1396273
1457327
1436398
1323257
1410299
1433523
1446961
1169601
1425093
1442212
1461160
1649105
1205707
1381211
1457954
1630489
1476900
1449816
1468444
1429923
1340065
1413514
1472252
1434339
1432719
1416896
1168127
1346926
1151656
1153880
1156422
1332281
1389092
1411100
1418605
1425547
1432280
1435801
1437180
1445642
1449706
1454074
1457894
1467740
1475601
1612373
1648856
1666335
1696166
1118078
1119284
1121134
1123285
1123746
1123989
1124543
1129232
1130648
1130829
1131034
1131532
1134761
1137369
1140459
1144283
1152480
1155410
1156492
1177446
1186361
1196253
1216701
1228757
1248586
1260344
1276639
1283988
1288296
1290949
1293583
1308066
1313473
1318186
1325507
1335472
1344548
1356538
1366853
1372026
1377138
1384675
1390234
1395998
1399335
1403878
1410677
1416588
1422235
1425267
1428205
1437408
1443238
1444875
1446542
1447212
1448849
1450434
1452033
1454629
1456159
1459896
1465765
1467553
1469179
1471454
1473539
1474795
1478430
1485579
1492076
1500432
1510148
1605273
1607922
1612012
1615234
1617158
1623717
1629802
1632174
1634216
1636335
1638938
1641354
1643084
1644587
1646519
1647913
1649430
1649949
1650568
1650958
1651733
1652421
1653073
1654082
1654779
1656815
1660238
1665020
1669105
1672150
1674120
1675115
1675703
1676817
1678519
1679683
1680254
1681051
1682086
1683462
1684288
1685313
1695755
1697283
1698785
1699794
1728187
1426530
1443272
1473640
1449699
1472598
1422000
1421671
1279176
1379533
1392826
1370770
1424475
1444512
1456825
1468236
1479182
1610221
1119220
1154963
1475244
1396310
1448449
1637872
1428585
1403723
1402200
1443704
1467434
1443630
1655787
1288197
1442046
1447140
1460331
1467064
1474928
1484121
1679927
1191570
1416894
1457623
1695645
1445085
1605820
1420525
1389089
1475513
1467789
1367252
1131936
1427168
1444845
1454058
1465872
1472619
1478252
1652372
1153436
1344847
1459021
1655702
1427523
1476652
1448980
1612520
1135628
1147444
1680520
1457566
1421539
1450130
1469127
1472353
1477947
1504040
1699770
1448754
1651491
1408270
1454739
1464450
1154445
1470818
1153807
1458768
1432744
1445808
1455529
1474231
1483973
1653629
1137084
1475678
1679557
1455880
1231605
1454690
1455999
1445358
1155467
1631463
1377650
1450234
1453426
1469625
1478565
1548439
1222978
1454772
1652030
1421769
1472857
1446875
1445993
1756271
1389460
1154685
1461243
1442470
1450025
1466728
1472959
1488933
1675735
1152810
1464922
1637421
1471507
1652099
1468483
1434782
1510636
1460259
1119371
1445329
1446550
1454323
1458953
1471190
1478632
1489328
1636935
1124232
1451101
1475789
1481217
1471904
1451697
1447033
1418018
1428928
1234496
1495778
1444967
1455833
1464911
1474198
1485237
1500128
1230218
1445175
1497642
1479792
1451168
1418489
1423840
1467168
1466759
1370485
1156584
1432317
1458740
1466758
1472905
1484351
1497470
1605720
1123680
1333559
1455019
1631397
1497177
1476549
1188461
1650529
1470644
1413337
1466256
1471201
1478606
1490752
1655452
1192321
1422357
1468446
1607736
1410647
1451282
1467087
1275431
1291084
1469366
1146432
1153569
1156284
1169195
1358134
1422726
1442561
1446756
1449373
1452596
1456351
1462106
1466881
1468573
1470250
1472391
1475181
1478661
1481866
1487663
1494915
1499711
1506364
1633842
1646538
1667408
1685231
1469258
1119699
1122086
1123704
1124327
1124757
1124958
1128367
1131019
1131314
1131564
1131886
1136100
1141186
1151016
1154658
1155900
1156307
1156643
1156945
1157341
1178264
1195254
1209116
1220221
1231697
1238038
1254573
1262980
1283755
1288876
1292520
1304301
1312973
1318288
1324546
1344518
1350379
1360523
1368354
1371961
1383402
1395279
1402025
1412825
1415894
1419779
1422154
1424546
1431152
1438199
1444174
1446063
1447077
1448374
1449790
1450730
1453191
1454474
1455844
1459085
1463790
1466675
1467831
1469106
1470782
1472023
1472788
1473776
1474459
1474886
1475553
1476079
1476962
1478184
1479522
1480741
1483017
1485498
1487177
1489729
1491514
1493831
1497261
1498211
1499154
1499763
1500528
1501649
1502163
1503395
1504670
1506020
1507149
1509198
1514184
1525492
1533488
1606521
1611314
1613036
1617040
1617901
1627340
1632261
1636435
1637150
1640046
1641843
1646778
1647989
1650798
1651885
1652452
1653827
1654674
1655129
1655811
1656289
1656885
1657673
1660984
1669231
1675029
1676765
1678125
1679391
1680296
1681196
1681782
1682540
1683201
1684383
1684828
1685886
1695825
1697496
1699069
1750169
1327249
1404193
1303609
1402633
1466782
1478910
1491603
1510411
1131476
1351277
1478445
1492905
1655526
1481327
1686509
1452338
1498005
1679567
1452990
1472063
1488004
1509269
1131543
1432133
1476205
1489028
1652332
1498696
1468357
1470005
1434806
1451778
1468312
1494192
1642032
1151026
1364837
1463023
1479357
1500106
1477460
1487401
1146250
1416063
1502966
1457277
1474007
1486362
1633438
1131952
1466346
1483663
1292183
1332148
1477871
1458919
1156614
1466804
1478709
1495810
1503902
1155318
1364038
1475481
1504285
1655687
1180506
1434325
1476951
1454986
1457903
1477950
1502288
1681270
1469027
1486214
1537099
1476364
1529653
1504278
1492588
1505967
1131614
1443610
1475263
1483105
1502855
1699568
1315105
1466839
1498290
1655831
1477972
1480323
1475809
1395482
1466697
1488269
1503442
1680465
1417392
1475302
1493066
1649397
1492171
1487137
1478088
1475343
1479095
1500914
1509993
1652344
1365017
1460166
1500012
1185517
1478173
1498706
1661535
1466471
1453640
1479854
1492719
1503213
1524360
1682872
1464500
1502813
1441222
1489418
1471981
1498992
1422878
1480028
1502645
1507603
1536122
1205339
1476794
1519443
1637782
1250430
1498091
1657098
1125229
1155556
1157680
1404777
1450210
1467028
1472580
1474431
1476271
1478885
1481844
1494707
1499278
1502776
1505326
1508256
1512323
1529620
1544675
1651521
1658754
1685523
1117957
1119524
1123802
1124417
1124981
1125209
1130777
1131492
1131865
1134005
1141818
1150761
1155011
1156188
1157240
1157756
1158368
1176573
1189210
1220152
1230686
1235633
1262972
1282981
1289033
1293649
1312940
1318162
1328543
1344731
1351183
1365254
1371201
1376909
1387159
1398749
1405021
1413954
1423015
1426234
1433772
1442861
1446104
1447984
1449162
1451439
1453018
1455022
1458511
1466746
1468886
1470967
1472774
1474871
1476343
1477408
1478899
1479856
1480841
1483651
1484832
1486898
1487474
1490613
1497144
1498782
1499904
1500506
1501573
1502147
1502655
1503265
1504221
1505032
1505729
1506135
1507524
1508140
1508901
1510412
1511643
1514703
1519837
1521291
1524954
1528430
1531098
1533609
1534634
1536543
1538250
1540792
1548381
1607681
1611789
1616554
1617978
1630800
1633612
1637713
1639709
1645819
1646831
1649821
1651534
1654038
1655246
1656321
1656791
1657269
1657576
1658111
1658534
1660212
1662497
1667840
1672806
1678053
1680240
1681162
1681943
1682820
1683916
1684690
1685640
1686095
1686588
1687767
1697526
1728201
1503449
1448082
1157671
1489795
1505003
1531781
1119432
1447019
1486147
1537750
1686180
1503011
1125118
1484846
1524749
1548110
1322061
1477767
1502156
1536833
1295585
1499031
1504992
1474262
1501596
1505587
1525990
1654318
1139622
1360514
1470145
1500706
1522483
1121906
1519926
1404589
1495089
1503845
1511789
1534351
1544662
1125393
1481859
1528240
1516060
1371393
1469169
1504262
1512602
1536428
1123851
1445876
1497583
1526401
1285258
1500979
1502568
1500676
1512129
1534623
1682506
1455730
1505368
1530737
1486268
1605439
1527153
1317511
1503298
1511312
1532377
1544100
1687957
1489509
1510583
1617952
1642286
1422748
1480527
1158790
1508649
1531117
1552167
1456195
1509335
1530840
1224861
1286325
1486533
1473538
1488785
1512116
1531072
1542601
1203338
1474123
1500372
1524864
1613154
1681992
1500287
1654551
1505448
1510611
1528105
1537987
1690343
1466333
1505244
1648355
1521970
1699604
1202470
1478205
1510366
1527401
1543278
1686949
1317317
1494796
1544573
1534649
1497781
1323892
1124521
1132206
1157285
1158347
1168042
1425716
1458463
1473634
1479320
1483918
1498656
1502912
1504581
1506508
1508517
1511332
1513186
1519249
1525553
1529943
1534073
1536954
1542500
1547623
1642917
1658187
1664222
1682467
1699625
1118531
1120091
1123485
1124520
1124784
1125270
1125613
1129708
1131572
1132174
1133101
1143254
1152935
1154938
1155813
1156873
1158534
1159351
1187360
1198373
1217415
1232794
1248484
1263735
1286493
1293147
1309102
1318146
1338736
1345785
1358109
1376602
1387266
1392453
1403559
1413305
1419644
1424090
1434720
1444423
1446533
1448741
1452058
1456744
1464220
1468373
1471811
1473631
1475259
1476571
1478086
1479415
1480813
1482367
1484307
1487114
1488842
1494053
1497712
1499527
1501019
1502445
1503602
1504260
1506692
1508528
1509687
1510723
1511680
1513442
1514574
1515662
1516510
1518926
1520018
1522131
1524286
1528402
1530765
1533591
1535394
1537403
1539118
1542695
1544619
1548051
1552939
1606433
1608809
1614474
1618092
1630436
1633596
1638122
1640823
1642310
1647241
1651412
1652654
1653697
1654899
1657332
1658376
1659299
1659907
1660409
1661526
1663949
1673930
1676073
1679996
1681198
1681832
1682403
1683659
1684521
1684960
1685487
1686215
1687158
1687520
1688234
1697395
1699138
1529112
1326985
1260868
1507050
1515018
1533807
1544159
1683849
1459570
1512320
1543362
1697365
1515652
1316374
1376185
1507200
1517519
1534143
1545130
1641670
1210902
1484494
1530794
1659204
1503109
1547843
1159582
1500590
1515264
1547975
1681920
1158550
1424042
1496447
1521859
1659952
1360547
1506615
1633284
1158512
1451780
1491253
1515982
1519783
1547606
1661191
1125365
1390493
1502725
1537230
1158725
1436072
1359228
1479160
1504822
1517965
1521812
1543709
1660709
1154208
1458424
1488193
1539005
1688358
1489897
1158196
1478031
1519004
1532769
1545674
1646924
1159726
1493641
1529573
1494095
1697609
1520206
1159928
1511956
1522832
1544723
1551892
1682305
1371914
1518505
1547946
1608991
1511900
1374469
1509819
1522022
1542869
1548410
1557797
1125460
1160550
1487982
1533939
1662321
1498824
1125382
1498911
1519731
1525831
1544242
1554675
1686853
1370395
1475144
1509004
1525749
1654090
1520995
1510905
1158494
1479703
1514260
1528255
1544518
1661340
1245656
1539654
1157054
1504160
1501721
1520422
1537948
1553568
1137677
1159204
1452293
1515129
1678904
1613390
1523285
1499210
1125443
1132892
1158408
1159326
1199366
1447932
1479229
1502279
1507230
1512017
1516802
1521936
1524095
1533286
1536693
1544468
1546937
1552494
1554685
1617454
1659341
1661284
1683206
1685511
1688291
1699646
1282146
1123592
1124425
1125446
1125866
1129188
1131835
1132622
1137794
1141668
1154296
1156003
1157274
1158469
1159840
1194996
1215823
1228852
1235669
1254338
1277413
1287687
1293134
1310168
1322796
1344714
1355817
1368470
1390774
1404066
1418509
1424005
1445130
1446727
1448656
1451246
1454430
1456724
1466637
1468655
1472060
1473370
1476776
1478705
1480198
1480815
1483343
1484606
1487429
1489609
1495811
1499194
1500797
1503145
1505714
1508457
1510544
1511797
1514812
1515979
1519833
1521056
1522315
1523592
1524502
1525416
1527088
1529239
1530259
1532342
1534244
1537673
1544195
1546689
1547417
1550697
1552060
1555126
1556074
1561249
1608479
1613027
1618586
1631350
1636945
1640936
1645960
1651689
1654374
1655545
1657238
1659050
1660440
1661571
1662114
1662802
1665444
1673622
1678866
1681128
1682363
1684444
1685214
1686139
1687601
1688573
1689387
1697565
1554603
1454687
1445828
1513378
1522608
1524188
1539872
1553507
1657910
1125157
1494174
1530527
1688636
1125404
1529029
1159822
1507471
1521543
1526819
1552628
1684044
1159797
1454913
1521304
1660733
1642525
1125481
1501187
1523062
1529359
1551915
1662155
1348849
1518880
1542182
1545816
1688654
1159721
1498571
1522141
1525264
1540189
1555060
1660750
1688541
1322228
1493484
1524719
1547902
1640628
1637471
1159138
1523914
1529312
1551559
1259051
1504163
1526556
1525705
1689646
1159629
1511399
1524751
1528889
1553818
1684507
1333831
1524303
1548815
1549867
1489912
1421396
1502602
1524104
1528930
1547564
1555236
1658722
1388429
1487952
1515562
1547693
1615608
1609181
1501682
1525471
1529216
1547718
1554526
1683093
1160532
1488060
1519619
1556586
1228823
1160802
1496219
1527010
1529958
1546810
1560070
1151348
1206020
1472187
1519489
1656651
1682382
1125760
1477451
1519598
1527810
1549146
1555961
1686108
1484746
1534543
1441890
1422861
1525731
1530489
1549193
1553859
1657861
1136974
1423533
1512628
1537704
1654588
1132508
1515695
1125661
1156871
1382561
1478003
1500599
1504752
1514225
1521733
1524237
1527506
1529883
1534378
1542839
1547595
1551286
1554875
1560353
1626988
1658854
1661656
1662807
1683914
1685760
1687125
1118323
1118442
1120775
1123464
1124316
1125265
1126309
1130955
1132280
1132701
1142252
1151549
1155367
1157502
1160289
1160651
1161488
1196349
1227206
1234819
1261312
1287849
1294887
1312444
1324282
1350134
1376882
1387196
1391009
1402334
1413866
1418071
1422714
1430631
1442274
1446459
1449098
1452074
1456681
1467885
1471445
1473407
1475595
1477400
1479504
1481088
1484071
1485439
1488598
1496989
1499127
1500662
1502608
1504200
1507727
1510118
1512231
1514852
1516222
1520835
1523737
1525620
1527658
1529056
1529799
1530446
1531230
1532239
1533706
1536067
1539808
1546272
1550418
1552317
1553545
1554688
1557628
1560751
1563349
1569869
1607245
1611545
1616908
1631447
1636043
1641083
1642538
1645783
1651350
1652983
1654281
1656392
1660986
1662659
1663307
1663992
1665839
1670167
1674590
1678671
1681184
1684277
1686135
1686569
1687507
1689350
1691772
1696196
1698247
1728223
1393991
1160069
1507227
1528680
1545299
1560583
1161400
1485699
1525175
1694480
1512548
1517905
1530875
1548067
1559187
1663828
1321981
1519437
1609316
1200730
1530519
1159016
1517405
1530853
1555590
1678842
1160294
1524363
1548792
1663345
1689372
1160454
1501802
1524270
1530887
1553099
1150979
1480830
1542451
1682303
1157158
1481555
1530849
1552721
1573889
1378234
1505233
1532601
1154883
1481827
1484414
1530435
1549545
1561422
1684869
1155723
1452469
1510903
1541722
1686546
1557204
1158998
1499048
1523819
1533132
1557578
1679225
1129928
1514400
1559925
1554994
1488518
1507062
1524573
1536540
1557742
1126275
1466851
1530080
1674241
1681967
1497657
1503692
1529314
1536594
1552796
1561169
1158067
1468640
1528970
1608092
1490347
1151625
1491153
1529497
1543085
1564296
1418538
1521703
1699165
1513016
1533100
1567734
1499399
1532284
1686591
1529153
1125718
1158928
1421319
1472310
1496292
1505684
1513286
1519624
1523210
1529052
1530817
1533693
1538093
1545259
1550231
1553162
1559569
1562536
1617696
1661135
1663471
1687725
1689667
1119469
1123227
1125217
1126099
1129412
1132240
1133200
1143629
1160223
1161451
1202739
1230583
1256838
1290536
1309269
1324649
1339499
1348524
1361104
1387174
1412344
1425649
1440250
1445492
1448292
1452687
1459034
1468137
1471911
1474549
1478872
1481647
1490211
1498820
1502202
1507712
1513400
1516642
1524415
1528111
1530459
1532480
1533013
1533984
1534881
1536961
1539181
1542664
1546605
1548421
1553318
1555884
1557251
1561446
1562890
1564396
1566787
1570435
1574357
1579416
1589027
1613246
1623949
1635302
1637586
1642453
1648634
1653150
1656670
1659943
1662648
1663625
1664422
1664825
1665520
1666522
1668822
1674723
1678518
1681731
1683878
1684880
1686235
1687034
1687714
1689342
1689943
1691032
1697478
1534967
1547678
1669426
1530958
1537115
1556254
1567850
1153738
1487839
1553399
1676593
1558440
1690697
1126715
1513217
1535973
1550648
1565384
1585614
1127520
1506233
1563091
1665026
1557040
1535758
1657652
1513248
1537522
1561043
1567804
1590154
1690082
1161504
1478875
1541271
1565221
1665957
1557422
1567824
1463359
1523580
1536580
1547995
1561012
1569954
1642684
1692297
1438883
1534677
1556953
1533128
1669102
1516129
1538854
1558294
1573395
1132409
1162277
1535055
1587670
1697608
1534425
1491054
1535321
1544521
1565371
1661655
1419982
1534779
1561703
1562231
1562805
1126790
1417089
1511481
1536599
1548179
1560911
1572743
1691494
1425568
1546507
1575770
1574912
1168493
1536838
1554772
1572534
1161628
1529433
1648981
1522674
1159026
1536224
1549394
1567604
1587863
1450784
1550759
1588793
1577739
1613700
1126020
1528186
1539678
1558779
1576238
1124733
1538269
1570178
1642781
1685752
1197791
1538559
1549083
1566909
1691904
1454486
1545917
1564407
1581077
1688314
1472227
1125800
1126749
1133046
1161037
1493179
1514814
1527987
1533055
1535580
1536972
1545401
1549902
1556149
1563598
1570910
1580361
1608729
1660623
1665163
1667691
1677446
1686906
1688329
1695083
1119596
1124245
1126381
1131794
1133014
1141603
1144733
1157800
1160992
1161222
1161871
1162400
1194783
1227734
1235582
1279570
1294747
1322760
1348794
1388958
1418042
1423398
1440136
1448152
1454370
1467250
1471733
1476842
1487378
1498164
1504543
1514371
1525674
1530904
1534368
1538991
1541756
1542420
1543707
1546142
1547384
1547937
1549483
1551283
1553276
1555695
1562184
1564874
1565713
1569739
1571503
1574131
1575159
1576835
1579639
1581660
1585107
1586483
1596198
1604978
1608197
1627302
1633056
1639847
1645987
1651208
1657252
1662850
1664748
1666484
1667038
1667475
1668771
1669654
1671938
1676776
1681527
1686677
1688228
1689181
1690037
1690959
1691517
1693215
1697445
1728242
1412937
1535068
1562822
1579405
1691251
1133027
1529269
1547338
1562488
1578017
1598326
1444636
1126939
1542562
1566206
1667816
1524273
1543736
1553853
1574304
1597081
1694696
1552603
1535914
1555426
1581240
1161782
1541519
1553093
1563983
1575381
1585290
1641888
1696327
1542645
1532874
1546023
1565010
1587171
1161330
1542158
1555192
1580066
1668618
1565313
1126247
1161089
1539427
1558551
1577889
1126206
1518734
1547998
1562831
1571671
1601020
1693264
1516256
1539485
1571629
1594165
1691632
1529831
1554206
1566081
1577324
1590942
1693053
1575651
1133806
1538098
1558809
1575705
1596395
1699491
1537015
1550752
1565180
1581057
1671695
1576752
1394309
1551519
1577418
1126694
1206003
1522610
1552975
1564608
1579219
1405287
1543374
1504976
1551246
1572323
1671972
1405298
1543150
1556738
1565156
1576266
1586470
1689082
1541821
1561175
1491689
1553230
1574112
1589418
1662552
1541435
1564076
1588106
1667904
1531099
1535113
1560844
1584520
1160210
1548275
1562218
1566265
1575460
1585858
1607115
1541838
1549096
1125474
1127901
1473356
1513512
1526036
1536517
1544274
1551874
1559397
1565476
1576160
1590409
1629189
1665212
1678767
1686216
1690265
1119589
1124210
1126744
1129187
1132473
1133283
1133584
1140948
1160187
1162105
1162830
1166920
1215810
1273709
1291748
1314798
1346372
1375024
1389816
1407407
1421150
1438414
1447722
1454560
1467401
1471890
1479151
1496889
1502931
1509686
1518662
1527555
1538279
1543504
1546202
1548113
1553403
1556887
1561240
1562770
1565327
1568494
1569993
1572099
1572960
1573312
1575769
1576722
1578726
1581887
1583655
1585479
1589475
1590684
1592458
1594644
1597065
1598353
1600752
1603811
1605200
1607763
1609165
1609921
2000
1615024
1619106
1622331
1628160
1634067
1637733
1644624
1648930
1654114
1663424
1665359
1667338
1669300
1670065
1671649
1673084
1674421
1677678
1679657
1684948
1688328
1689637
1690275
1690816
1691547
1692587
1693867
1695043
1697154
1699177
1556596
1548984
1564908
1604141
1699703
1555486
1570541
1589839
1670548
1543619
1542464
1548524
1575530
1682246
1456096
1559812
1579322
1597574
1624827
1679908
1557781
1674141
1547403
1566392
1578246
1594468
1163098
1526369
1564872
1580820
1599978
1679231
1570507
1523514
1561211
1599303
1164110
1544958
1569391
1578123
1629750
1579340
1644642
1512054
1568603
1602701
1163259
1567357
1577459
1597876
1680127
1546739
1501637
1558838
1609128
1670027
1547721
1560743
1586095
1600616
1690233
1561334
1582343
1625218
1370272
1567402
1600639
1695024
1162179
1561295
1600093
1159766
1555357
1586541
1597939
1674609
1127081
1559138
1596662
1674466
1533498
1555819
1570139
1583156
1624945
1596492
1605026
1514495
1575727
1601295
1127611
1558274
1576163
1590030
1692287
1569958
1538208
1578547
1626677
1546279
1562393
1568264
1577535
1597720
1631136
1619974
1127640
1343653
1526348
1542798
1552993
1563692
1573285
1590223
1600721
1624926
1667462
1678558
1691313
1118281
1121663
1124410
1126823
1127427
1131501
1133382
1141560
1152604
1160998
1162578
1163785
1166534
1222370
1280184
1308808
1335144
1380391
1403097
1424718
1438405
1448733
1453303
1470987
1473842
1480954
1499305
1509670
1522422
1534575
1541762
1547771
1553630
1557720
1561856
1566861
1570455
1573160
1573498
1573788
1576674
1580950
1582783
1583851
1585461
1588024
1590911
1591840
1593828
1596040
1597479
1597791
1599994
1600770
1601800
1605355
1605813
1608085
1611387
1613167
1615159
1617817
1620090
1622280
1624707
1628589
1631157
1638082
1642862
1650149
1653950
1663252
1666232
1667789
1669248
1670663
1672180
1673730
1674986
1676247
1679830
1682166
1685066
1688478
1689704
1690877
1691285
1692173
1693904
1694695
1695425
1697742
1699217
1545567
1564631
1593888
1620366
1691748
1162749
1548395
1573320
1593658
1675028
1518591
1562421
1602821
1123637
1519252
1581268
1630645
1158996
1469447
1586457
1629537
1554023
1581253
1597560
1627663
1679843
1530015
1130638
1567931
1673902
1532877
1572043
1600932
1689130
1588384
1577788
1603436
1127096
1555235
1587183
1630221
1558293
1526249
1566204
1594696
1668493
1370255
1558029
1573300
1597415
1629926
1633141
1557439
1614205
1127338
1536328
1576560
1600463
1674883
1588489
1590054
1694523
1549497
1582861
1621277
1698522
1568569
1565158
1597821
1674571
1161277
1552548
1570896
1592254
1626766
1626396
1563083
1601177
1126916
1561058
1592275
1603887
1693866
1502523
1580449
1127438
1551889
1565735
1583778
1591189
1674930
1600168
1131823
1471347
1529104
1545468
1560614
1572251
1591396
1599541
1630861
1668268
1679845
1694862
1120220
1125043
1127354
1132760
1134045
1148032
1160745
1163091
1163814
1165583
1217012
1287784
1315563
1335123
1378379
1411014
1422537
1448139
1458243
1468954
1482508
1498529
1503924
1531167
1540548
1547877
1554434
1560821
1563241
1568683
1572293
1573564
1573891
1574121
1575143
1577144
1581032
1583343
1584869
1587129
1589683
1591905
1595161
1596577
1597814
1598102
1600267
1605247
1605866
1608305
1610653
1613290
1615900
1618934
1620796
1623552
1627207
1629882
1633840
1640605
1648661
1656525
1666295
1668327
1669794
1671535
1672348
1673111
1676124
1680105
1682613
1687082
1689065
1690480
1691033
1691863
1692197
1693610
1694911
1698371
1584411
1571943
1680414
1555125
1574015
1600370
1680298
1168092
1557336
1589778
1671117
1547961
1594521
1624498
1512041
1594179
1627023
1167170
1555104
1564979
1586810
1605778
1699168
1511926
1583404
1674165
1521580
1571758
1597112
1621739
1620623
1588163
1699265
1563968
1581096
1599472
1625564
1125994
1590225
1126490
1563866
1582983
1609906
1119771
1592869
1639350
1560556
1592522
1622742
1538702
1580710
1127002
1497598
1562057
1597038
1694120
1513335
1565253
1594464
1633499
1562139
1592607
1617768
1523491
1163602
1565645
1625143
1545084
1571893
1595654
1675186
1540240
1613134
1525673
1564379
1587948
1600430
1690168
1119977
1132155
1534049
1545404
1563828
1572602
1586262
1599491
1613320
1660027
1674506
1691590
1699209
1119873
1124661
1126670
1127479
1129711
1132899
1133396
1134312
1160921
1162832
1164698
1195669
1287771
1323878
1369874
1400354
1418014
1441049
1449947
1466571
1475567
1495085
1504108
1523375
1538894
1546645
1552911
1560079
1563846
1567676
1570811
1573987
1574221
1574464
1575592
1578503
1582891
1584602
1587580
1590830
1593966
1595533
1596914
1597913
1598434
1599600
1600353
1601896
1606080
1606240
1607612
1609544
1611915
1613173
1614843
1618018
1621715
1625916
1629480
1635965
1641028
1650131
1657240
1666673
1668796
1670890
1672451
1672588
1674144
1675165
1679895
1682322
1688764
1690689
1691124
1692262
1693034
1694143
1695318
1698353
1566251
1561514
1590800
1624517
1455321
1573965
1594416
1615485
1535200
1561135
1689092
1546664
1590421
1603213
1699241
1127864
1565914
1597878
1510369
1567062
1600787
1696062
1535482
1589936
1678510
1489962
1567914
1597820
1630960
1568860
1557911
1625239
1521655
1570494
1583894
1624744
1511910
1599277
1162402
1557231
1577757
1600208
1671482
1514388
1596755
1328879
1554839
1598327
1675308
1510150
1600842
1473227
1570893
1595491
1623269
1615784
1559683
1601566
1229132
1561706
1582560
1607198
1678844
1558495
1622460
1452597
1552876
1595541
1526559
1601749
1335653
1562724
1593276
1599761
1620439
1128147
1516089
1541042
1560972
1574004
1589680
1599532
1629280
1673877
1692320
1119280
1123067
1126162
1127582
1132685
1145614
1162395
1166107
1195561
1288825
1318584
1357769
1410519
1441005
1454532
1470671
1481021
1506598
1528361
1540510
1550610
1555532
1557026
1559992
1563226
1566263
1570269
1574526
1574758
1576020
1578440
1581726
1583226
1584966
1586936
1588323
1589943
1593740
1595600
1597233
1598544
1598709
1599664
1601204
1606377
1606777
1610033
1613012
1614649
1616895
1619014
1621465
1624091
1625778
1629414
1639043
1646350
1652906
1664719
1668200
1669396
1671618
1672768
1673783
1674703
1677725
1681559
1687940
1689269
1690609
1691915
1692977
1694264
1695578
1699215
1540921
1599948
1541419
1621129
1580136
1559308
1600437
1127736
1556269
1582790
1684703
1574525
1625766
1489686
1577848
1596243
1668353
1565552
1544931
1576382
1597482
1567554
1564797
1127737
1556897
1591598
1628818
1557944
1675498
1556229
1591113
1673610
1536309
1600240
1350801
1589545
1617876
1158587
1589646
1633979
1562297
1598628
1681234
1533029
1629105
1533439
1556433
1583857
1601827
1689994
1691153
1581710
1556104
1589392
1680553
1557014
1609876
1449290
1558928
1580656
1624236
1600065
1132238
1416995
1544385
1565143
1584950
1601433
1662504
1675332
1698041
1123767
1126810
1127837
1128191
1133024
1144659
1163267
1165712
1167030
1226252
1291684
1343712
1397623
1428081
1446270
1454897
1470661
1475855
1488704
1503561
1520808
1535365
1548521
1552811
1558987
1565041
1572886
1575335
1577383
1579766
1581790
1583273
1584690
1586307
1587089
1589504
1591216
1593721
1595128
1597375
1598420
1599933
1602024
1602398
1603116
1608955
1612705
1614747
1616993
1618579
1621073
1624044
1625832
1626627
1631613
1632836
1644739
1655416
1663785
1668112
1670120
1672767
1674118
1675718
1678102
1680076
1682414
1687747
1689657
1690653
1691935
1692811
1694407
1695771
1686244
1285549
1540132
1674741
1437787
1563428
1449291
1566679
1123731
1666117
1378136
1561777
1694375
1576527
1600642
1564057
1619837
1564008
1605207
1555284
1535528
1567862
1465555
1460779
1610238
1453485
1501546
1555998
1668245
1695240
1119732
1125769
1128231
1133240
1158848
1163446
1168447
1273290
1311314
1361905
1410500
1425212
1445442
1451801
1469925
1478621
1495862
1512176
1535157
1551316
1554447
1560752
1567818
1574892
1575664
1577792
1580662
1582733
1586259
1588256
1590748
1593655
1595047
1597392
1598627
1599925
1602093
1602459
1603077
1606655
1607851
1609955
1612873
1615367
1617496
1619411
1622109
1625104
1626293
1629816
1632974
1645072
1658335
1669030
1671256
1675444
1678014
1680978
1689261
1691829
1692728
1695419
1699497
1699317
1612299
1602191
1632263
1539934
1695066
1631289
1566521
1678341
1504909
1563915
1542951
1626719
1602313
1482553
1140599
1640141
1586516
1693248
1507696
1555065
1619774
1686917
1119268
1124006
1127809
1128299
1133297
1157842
1164381
1167182
1229311
1302997
1371667
1405934
1439327
1454719
1467954
1476623
1488678
1504981
1532928
1547773
1554054
1561760
1566662
1575226
1580040
1582523
1583572
1585037
1587697
1589381
1591467
1594080
1597358
1598869
1600058
1602265
1603090
1606323
1610189
1612817
1615345
1618654
1621043
1623991
1627255
1630062
1632666
1650291
1664990
1668947
1672928
1675515
1677911
1681729
1690116
1692801
1694650
1696292
1561939
1573761
1163359
1576402
1678050
1548632
1559697
1594359
1539817
1164148
1127114
1585120
1437777
1671774
1591742
1470869
1563723
1675616
1123763
1127760
1132305
1159992
1164621
1167140
1278950
1383396
1423216
1448072
1470632
1486488
1501530
1518370
1544695
1551710
1559743
1572601
1575872
1580124
1582537
1584380
1586567
1590186
1592964
1598137
1601505
1602491
1604726
1607153
1610794
1614533
1617663
1622477
1626168
1628204
1633140
1652116
1664966
1671235
1675438
1678944
1689230
1692401
1694364
1698067
1531647
1482716
1590731
1562011
1696098
1563869
1518400
1606792
1537220
1440940
1697264
1535501
1562415
1403449
1525454
1670470
1119584
1125875
1128206
1133782
1164321
1226438
1260214
1394510
1447098
1470618
1487037
1529602
1551430
1555087
1559980
1566301
1575031
1576056
1580568
1582515
1584581
1587618
1590630
1592303
1595476
1598339
1599196
1602120
1604563
1607780
1611149
1616577
1619391
1623743
1625843
1628630
1641924
1670119
1675642
1680584
1689246
1695570
1453509
1520529
1537101
1573061
1573039
1128220
1475065
1626104
1483136
1557610
1534855
1122947
1127279
1132842
1163541
1167320
1240841
1323058
1406087
1430984
1471705
1499103
1518302
1549628
1554970
1565843
1575146
1579656
1581594
1586820
1589619
1593592
1595562
1598817
1604705
1607974
1612669
1616825
1620061
1622715
1628149
1644949
1655437
1669035
1673221
1678052
1680012
1689527
1692686
1695134
1699347
1628523
1559168
1553442
1551026
1124519
1589799
1513416
1568071
1482521
1512471
1583891
1124535
1128149
1164569
1166836
1213798
1324945
1446850
1471688
1496253
1532971
1559803
1572803
1576030
1581577
1586273
1590171
1592033
1595397
1598734
1606466
1609938
1613257
1617516
1622058
1629038
1656473
1674363
1681197
1697922
1622425
1556849
1537000
1581631
1563645
1606936
1502367
1126885
1164404
1167207
1402122
1444133
1473111
1487792
1518281
1542785
1559570
1566936
1575835
1580931
1584347
1587586
1592166
1594626
1595881
1600137
1607008
1612052
1616801
1618504
1624307
1644934
1668293
1676511
1689238
1694968
1558200
1622168
1541518
1505622
1351458
1487543
1699392
1126621
1132168
1164686
1168185
1440893
1476597
1508760
1550872
1556830
1571958
1578262
1581614
1585992
1590135
1593498
1594758
1601420
1609461
1612688
1617278
1620994
1626144
1668980
1686331
1693709
1524816
1513911
1322810
1590366
1122752
1127669
1163014
1166587
1168135
1380435
1466127
1501642
1548591
1554226
1566858
1578053
1582451
1585207
1588965
1590825
1593703
1601119
1609759
1614314
1617916
1621631
1625545
1669001
1690379
1608041
1554464
1505774
1561963
1593423
1584317
1508698
1119739
1131523
1279539
1447084
1487752
1550469
1563469
1578178
1582551
1590056
1592224
1594737
1600568
1609793
1616448
1620941
1647372
1678194
1692687
1573677
1678164
1124158
1127614
1167633
1447708
1481276
1549466
1572651
1581463
1588922
1593919
1609751
1614392
1624852
1664023
1688441
1556824
1463544
1162138
1126500
1699365
1132407
1167817
1465937
1496386
1541314
1563785
1579870
1586048
1590581
1594695
1604271
1613984
1619436
1622848
1668982
1690364
1694158
1444071
1152582
1163316
1455486
1524641
1562674
1580325
1585833
1588881
1593304
1605312
1612356
1616589
1623656
1674236
1558955
1321873
1699371
1229228
1529931
1575531
1585803
1592388
1604210
1618378
1652773
1689414
1516749
1699422
1168073
1476128
1555314
1581029
1586895
1593216
1611940
1618361
1677017
1539553
1119632
1322058
1550930
1584887
1593189
1607981
1613387
1623533
1126513
1693766
1130778
1422049
1555049
1581505
1588522
1595365
1611918
1617133
1689627
1552833
1480865
1573133
1587313
1593118
1616416
1682424
1119899
1520514
1572822
1590559
1609469
1620834
1699452
1499634
1588772
1608490
1618286
1587630
1465743
1581167
1593059
1618943
1697024
1465719
1587324
1694423
1552447
1590475
1616335
1119012
1590520
1618225
1403663
1590451
1613864
1566316
1616306
1591050
1699431
1608372
1575160
1587273
1623314
1590376
1117703
1120135
1120632
1121109
1121639
1121850
1122764
1128125
1128521
1128971
1129444
1130328
1134989
1135777
1137866
1139170
1140748
1141974
1143140
1144057
1145395
1147690
1151284
1184726
1238961
1245075
1265343
1278225
1294426
1306197
1319867
1327212
1347708
1371299
1514354
1604806
1606146
1610983
1613912
1614624
1614849
1615372
1616070
1616645
1619506
1621072
1622923
1623706
1625061
1626515
1627706
1628465
1629380
1630598
1632136
1633931
1634875
1636129
1637942
1638562
1639306
1640086
1642575
1643298
1643729
1644403
1644921
1645534
1646850
1647883
1648270
1649557
1650886
1652210
1653642
1654652
1655837
1656464
1658237
1659842
1661501
1666972
1670501
1674933
1676298
1682259
1682692
1682857
1683074
1690004
1695548
1696117
1696437
1698527
1698691
